Subject,Exam,ExDir,SeriesName,SerDir
7403,1710,e1446116,anat-1-1,s1461475_160_fspgrquad_s10
7403,1710,e1446116,anat-1-2,s1461636_160_fspgrquad_s11
7403,1710,e1446116,run1L1,s1446169_2550_s4
7403,1710,e1446116,run1L2,s1448720_2550_s5
7403,1710,e1446116,run1L3,s1451271_2550_s6
7403,1710,e1446116,run1L4,s1453822_2550_s7
7403,1710,e1446116,run1L5,s1456373_2550_s8
7403,1710,e1446116,run1L6,s1458924_2550_s9
7403,1710,e1446116,run1M1,s1461797_6528_s12
7403,1710,e1446116,run1M2,s1468326_6528_s13
7403,1710,e1446116,run1M3,s1474855_6528_s14
7403,1710,e1446116,run1M4,s1481384_6528_s15
7403,1710,e1446116,run1M5,s1487913_6528_s16
7403,1710,e1446116,run1M6,s1494442_6528_s17
7403,1710,e1446116,run2L1,s1500987_2550_s20
7403,1710,e1446116,run2L2,s1503538_2550_s21
7403,1710,e1446116,run2L3,s1506089_2550_s22
7403,1710,e1446116,run2L4,s1508640_2550_s23
7403,1710,e1446116,run2L5,s1511191_2550_s24
7403,1710,e1446116,run2L6,s1513742_2550_s25
7403,1710,e1446116,run2M1,s1516293_3094_s26
7404,1714,E1714_e1563685,anat-1-1,s1563696_164_SPGR1_s2
7404,1714,E1714_e1563685,anat-1-2,s1575336_164_SPGR2_s11
7404,1714,E1714_e1563685,anat-2-1,s1641598_164_SPGR3_s30
7404,1714,E1714_e1563685,run1L1,s1563906_1904_1L1_s5
7404,1714,E1714_e1563685,run1L2,s1565811_1904_1L2_s6
7404,1714,E1714_e1563685,run1L3,s1567716_1904_1L3_s7
7404,1714,E1714_e1563685,run1L4,s1569621_1904_1L4_s8
7404,1714,E1714_e1563685,run1L5,s1571526_1904_1L5_s9
7404,1714,E1714_e1563685,run1L6,s1573431_1904_1L6_s10
7404,1714,E1714_e1563685,run1M1,s1596483_5610_1M1_s16
7404,1714,E1714_e1563685,run1M2,s1602094_5610_1M2_s17
7404,1714,E1714_e1563685,run1M3,s1607705_5610_1M3_s18
7404,1714,E1714_e1563685,run1M4,s1613316_5610_1M4_s19
7404,1714,E1714_e1563685,run1M5,s1618927_5610_1M5_s20
7404,1714,E1714_e1563685,run1M6,s1624538_5610_1M6_s21
7404,1714,E1714_e1563685,run2L1,s1630168_1904_2L1_s24
7404,1714,E1714_e1563685,run2L2,s1632073_1904_2L2_s25
7404,1714,E1714_e1563685,run2L3,s1633978_1904_2L3_s26
7404,1714,E1714_e1563685,run2L4,s1635883_1904_2L4_s27
7404,1714,E1714_e1563685,run2L5,s1637788_1904_2L5_s28
7404,1714,E1714_e1563685,run2L6,s1639693_1904_2L6_s29
7404,1714,E1714_e1563685,run2M1,s1641763_5610_2M1_s31
7404,1714,E1714_e1563685,run2M2,s1647374_5610_2M2_s32
7404,1714,E1714_e1563685,run2M3,s1652985_5610_2M3_s33
7404,1714,E1714_e1563685,run2M4,s1658596_5610_2M4_s34
7404,1714,E1714_e1563685,run2M5,s1664207_5610_2M5_s35
7404,1714,E1714_e1563685,run2M6,s1669818_5610_2M6_s36
7408,1845,e868430,anat-1-1,s880099_164_fspgrQuad_s13
7408,1845,e868430,anat-1-2,s880264_164_fspgrQuad_s14
7408,1845,e868430,anat-2-1,s925591_164_fspgrQuad_s30
7408,1845,e868430,run1L1,s868669_1904_s6
7408,1845,e868430,run1L2,s870574_1904_s8
7408,1845,e868430,run1L3,s872479_1904_s9
7408,1845,e868430,run1L4,s874384_1904_s10
7408,1845,e868430,run1L5,s876289_1904_s11
7408,1845,e868430,run1L6,s878194_1904_s12
7408,1845,e868430,run1M1,s880429_5610_s15
7408,1845,e868430,run1M2,s886040_5610_s16
7408,1845,e868430,run1M3,s891651_5610_s17
7408,1845,e868430,run1M4,s897262_5610_s18
7408,1845,e868430,run1M5,s902873_5610_s19
7408,1845,e868430,run1M6,s908484_5610_s20
7408,1845,e868430,run2L1,s914161_1904_s24
7408,1845,e868430,run2L2,s916066_1904_s25
7408,1845,e868430,run2L3,s917971_1904_s26
7408,1845,e868430,run2L4,s919876_1904_s27
7408,1845,e868430,run2L5,s921781_1904_s28
7408,1845,e868430,run2L6,s923686_1904_s29
7408,1845,e868430,run2M1,s925756_5610_s31
7408,1845,e868430,run2M2,s931367_5610_s32
7408,1845,e868430,run2M3,s936978_5610_s33
7408,1845,e868430,run2M4,s942589_5610_s34
7408,1845,e868430,run2M5,s948200_5610_s35
7408,1845,e868430,run2M6,s953811_5610_s36
7412,1858,e1341519,anat-1-1,s1341530_164_s2
7412,1858,e1341519,anat-1-2,s1353221_160_s12
7412,1858,e1341519,anat-2-1,s1398662_160_s28
7412,1858,e1341519,run1L1,s1341747_1904_s6
7412,1858,e1341519,run1L2,s1343659_1904_s7
7412,1858,e1341519,run1L3,s1345571_1904_s8
7412,1858,e1341519,run1L4,s1347484_1904_s9
7412,1858,e1341519,run1L5,s1349403_1904_s10
7412,1858,e1341519,run1L6,s1351308_1904_s11
7412,1858,e1341519,run1M1,s1353382_5610_s13
7412,1858,e1341519,run1M2,s1359015_5610_s14
7412,1858,e1341519,run1M3,s1364640_5610_s15
7412,1858,e1341519,run1M4,s1370273_5610_s16
7412,1858,e1341519,run1M5,s1375906_5610_s17
7412,1858,e1341519,run1M6,s1381517_5610_s18
7412,1858,e1341519,run2L1,s1387202_1904_s22
7412,1858,e1341519,run2L2,s1389119_1904_s23
7412,1858,e1341519,run2L3,s1391024_1904_s24
7412,1858,e1341519,run2L4,s1392929_1904_s25
7412,1858,e1341519,run2L5,s1394844_1904_s26
7412,1858,e1341519,run2L6,s1396749_1904_s27
7412,1858,e1341519,run2M1,s1398823_5610_s29
7412,1858,e1341519,run2M2,s1404441_5610_s30
7412,1858,e1341519,run2M3,s1410059_5610_s31
7412,1858,e1341519,run2M4,s1415676_5610_s32
7412,1858,e1341519,run2M5,s1421295_5610_s33
7412,1858,e1341519,run2M6,s1426910_5610_s34
7414,1849,e961783,anat-1-1,s973267_160_fspgrQuad_s10
7414,1849,e961783,anat-1-2,s973428_160_fspgrQuad_s11
7414,1849,e961783,anat-2-1,s1018739_160_fspgrQuad_s27
7414,1849,e961783,Anat-2-2,s1052576_160_fspgr8ch_s35
7414,1849,e961783,run1L1,s961837_1904_s4
7414,1849,e961783,run1L2,s963742_1904_s5
7414,1849,e961783,run1L3,s965647_1904_s6
7414,1849,e961783,run1L4,s967552_1904_s7
7414,1849,e961783,run1L5,s969457_1904_s8
7414,1849,e961783,run1L6,s971362_1904_s9
7414,1849,e961783,run1M1,s973589_5610_s12
7414,1849,e961783,run1M2,s979200_5610_s13
7414,1849,e961783,run1M3,s984811_5610_s14
7414,1849,e961783,run1M4,s990422_5610_s15
7414,1849,e961783,run1M5,s996033_5610_s16
7414,1849,e961783,run1M6,s1001644_5610_s17
7414,1849,e961783,run2L1,s1007309_1904_s21
7414,1849,e961783,run2L2,s1009214_1904_s22
7414,1849,e961783,run2L3,s1011119_1904_s23
7414,1849,e961783,run2L4,s1013024_1904_s24
7414,1849,e961783,run2L5,s1014929_1904_s25
7414,1849,e961783,run2L6,s1016834_1904_s26
7414,1849,e961783,run2M1,s1018900_5610_s28
7414,1849,e961783,run2M2,s1024511_5610_s29
7414,1849,e961783,run2M3,s1030122_5610_s30
7414,1849,e961783,run2M4,s1035733_5610_s31
7414,1849,e961783,run2M5,s1041344_5610_s32
7414,1849,e961783,run2M6,s1046955_5610_s33
7418,1853,e1094631,anat-1-1,s1106112_160_s10
7418,1853,e1094631,anat-2-1,s1151872_160_s28
7418,1853,e1094631,run1L1,s1094682_1904_s4
7418,1853,e1094631,run1L2,s1096587_1904_s5
7418,1853,e1094631,run1L3,s1098492_1904_s6
7418,1853,e1094631,run1L4,s1100397_1904_s7
7418,1853,e1094631,run1L5,s1102302_1904_s8
7418,1853,e1094631,run1L6,s1104207_1904_s9
7418,1853,e1094631,run1M1,s1106273_5610_s11
7418,1853,e1094631,run1M2,s1111884_5610_s12
7418,1853,e1094631,run1M3,s1117495_5610_s13
7418,1853,e1094631,run1M4,s1123106_5610_s14
7418,1853,e1094631,run1M5,s1128717_5610_s15
7418,1853,e1094631,run1M6,s1134328_5610_s16
7418,1853,e1094631,run2L1,s1139989_1904_s20
7418,1853,e1094631,run2L2,s1141894_1904_s21
7418,1853,e1094631,run2L3,s1144242_1904_s23
7418,1853,e1094631,run2L4,s1146147_1904_s24
7418,1853,e1094631,run2L5,s1148052_1904_s25
7418,1853,e1094631,run2L6,s1149957_1904_s26
7418,1853,e1094631,run2M1,s1152047_5610_s31
7418,1853,e1094631,run2M2,s1157658_5610_s32
7418,1853,e1094631,run2M3,s1163269_5610_s34
7418,1853,e1094631,run2M4,s1168880_5610_s35
7418,1853,e1094631,run2M5,s1174491_5610_s36
7418,1853,e1094631,run2M6,s1180102_5610_s37
7430,3575,e3802320,anat-1-1,s3813783_332
7430,3575,e3802320,anat-1-2,s3813783_332
7430,3575,e3802320,anat-2-1,s3859243_166
7430,3575,e3802320,anat-2-2,s3859410_166
7430,3575,e3802320,run1L1,s3802338_1904
7430,3575,e3802320,run1L2,s3804243_1904
7430,3575,e3802320,run1L3,s3806148_1904
7430,3575,e3802320,run1L4,s3808053_1904
7430,3575,e3802320,run1L5,s3809958_1904
7430,3575,e3802320,run1L6,s3811863_1904
7430,3575,e3802320,run1M1,s3814116_5610
7430,3575,e3802320,run1M2,s3819727_5610
7430,3575,e3802320,run1M3,s3825338_5610
7430,3575,e3802320,run1M4,s3830949_5610
7430,3575,e3802320,run1M5,s3836560_5610
7430,3575,e3802320,run1M6,s3842171_5610
7430,3575,e3802320,run2L1,s3847798_1904
7430,3575,e3802320,run2L2,s3849703_1904
7430,3575,e3802320,run2L3,s3851608_1904
7430,3575,e3802320,run2L4,s3853513_1904
7430,3575,e3802320,run2L5,s3855418_1904
7430,3575,e3802320,run2L6,s3857323_1904
7430,3575,e3802320,run2M1,s3859577_5610
7430,3575,e3802320,run2M2,s3865188_5610
7430,3575,e3802320,run2M3,s3870799_5610
7430,3575,e3802320,run2M4,s3876410_5610
7430,3575,e3802320,run2M5,s3882021_5610
7430,3575,e3802320,run2M6,s3887632_5610
7432,2480,e1331017,anat-1-1,s1342506_166_SPRG1_s11
7432,2480,e1331017,anat-1-2,s1342673_166_SPGR2_s12
7432,2480,e1331017,anat-2-1,s1388020_166_SPGR3_s28
7432,2480,e1331017,anat-2-2,s1388187_166_SPGR4_s29
7432,2480,e1331017,run1L1,s1331035_1904_1L1__s4
7432,2480,e1331017,run1L2,s1332940_1904_1L2_s5
7432,2480,e1331017,run1L3,s1334845_1904_1L3_s6
7432,2480,e1331017,run1L4,s1336750_1904_1L4_s7
7432,2480,e1331017,run1L5,s1338655_1904_1L5_s8
7432,2480,e1331017,run1L6,s1340560_1904_1L6_s9
7432,2480,e1331017,run1M1,s1342840_5610_1M1_s13
7432,2480,e1331017,run1M2,s1348451_5610_1M2_s14
7432,2480,e1331017,run1M3,s1354062_5610_1M3_s15
7432,2480,e1331017,run1M4,s1359673_5610_1M4_s16
7432,2480,e1331017,run1M5,s1365284_5610_1M5_s17
7432,2480,e1331017,run1M6,s1370895_5610_1M6_s18
7432,2480,e1331017,run2L1,s1376531_1904_2L1_s21
7432,2480,e1331017,run2L2,s1378436_1904_2L2_s22
7432,2480,e1331017,run2L3,s1380341_1904_2L3_s23
7432,2480,e1331017,run2L4,s1382246_1904_2L4_s24
7432,2480,e1331017,run2L5,s1384151_1904_2L5_s25
7432,2480,e1331017,run2L6,s1386056_1904_2L6_s26
7432,2480,e1331017,run2M1,s1388354_5610_2M1_s30
7432,2480,e1331017,run2M2,s1393965_5610_2M2_s31
7432,2480,e1331017,run2M3,s1399576_5610_2M3_s32
7432,2480,e1331017,run2M4,s1405187_5610_2M4_s33
7432,2480,e1331017,run2M5,s1410798_5610_2M5_s34
7432,2480,e1331017,run2M6,s1416409_5610_2M6_s35
7436,2472,E2472_e971056,anat-1-1,s982560_166_SPGR1_s10
7436,2472,E2472_e971056,anat-1-2,s982727_166_SPGR2_s11
7436,2472,E2472_e971056,anat-2-1,s1028070_166_SPGR3_s27
7436,2472,E2472_e971056,anat-2-2,s1028237_166_SPGR4_s28
7436,2472,E2472_e971056,run1L1,s971069_1904_1L1_s3
7436,2472,E2472_e971056,run1L2,s972974_1904_1L2_s4
7436,2472,E2472_e971056,run1L3,s974879_1904_1L3_s5
7436,2472,E2472_e971056,run1L4,s976784_1904_1L4_s6
7436,2472,E2472_e971056,run1L5,s978689_1904_1L5_s7
7436,2472,E2472_e971056,run1L6,s980594_1904_1L6_s8
7436,2472,E2472_e971056,run1M1,s982894_5610_1M1_s12
7436,2472,E2472_e971056,run1M2,s988505_5610_1M2_s13
7436,2472,E2472_e971056,run1M3,s994116_5610_1M3_s14
7436,2472,E2472_e971056,run1M4,s999727_5610_1M4_s15
7436,2472,E2472_e971056,run1M5,s1005338_5610_1M5_s16
7436,2472,E2472_e971056,run1M6,s1010949_5610_1M6_s17
7436,2472,E2472_e971056,run2L1,s1016575_1904_2L1_s20
7436,2472,E2472_e971056,run2L2,s1018480_1904_2L2_s21
7436,2472,E2472_e971056,run2L3,s1020385_1904_2L3_s22
7436,2472,E2472_e971056,run2L4,s1022290_1904_2L4_s23
7436,2472,E2472_e971056,run2L5,s1024195_1904_2L5_s24
7436,2472,E2472_e971056,run2L6,s1026100_1904_2L6_s25
7436,2472,E2472_e971056,run2M1,s1028404_5610_2M1_s29
7436,2472,E2472_e971056,run2M2,s1034015_5610_2M2_s30
7436,2472,E2472_e971056,run2M3,s1039626_5610_2M3_s31
7436,2472,E2472_e971056,run2M4,s1045237_5610_2M4_s32
7436,2472,E2472_e971056,run2M5,s1050848_5610_2M5_s33
7436,2472,E2472_e971056,run2M6,s1056459_5610_2M6_s34
7443,2492,E2492_e1569992,anat-1-1,s1581490_166_SPGR1_s10
7443,2492,E2492_e1569992,anat-1-2,s1581657_166_SPGR2_s11
7443,2492,E2492_e1569992,anat-2-1,s1627748_166_SPGR3_s28
7443,2492,E2492_e1569992,anat-2-2,s1627915_166_SPGR4_s29
7443,2492,E2492_e1569992,run1L1,s1570019_1904_1L1_s3
7443,2492,E2492_e1569992,run1L2,s1571924_1904_1L2_s4
7443,2492,E2492_e1569992,run1L3,s1573829_1904_1L3_s5
7443,2492,E2492_e1569992,run1L4,s1575734_1904_1L4_s6
7443,2492,E2492_e1569992,run1L5,s1577639_1904_1L5_s7
7443,2492,E2492_e1569992,run1L6,s1579544_1904_1L6_s8
7443,2492,E2492_e1569992,run1M1,s1582913_5610_1M1_s13
7443,2492,E2492_e1569992,run1M2,s1588524_5610_1M2_s14
7443,2492,E2492_e1569992,run1M3,s1594135_5610_1M3_s15
7443,2492,E2492_e1569992,run1M4,s1599746_5610_1M4_s16
7443,2492,E2492_e1569992,run1M5,s1605357_5610_1M5_s17
7443,2492,E2492_e1569992,run1M6,s1610968_5610_1M6_s18
7443,2492,E2492_e1569992,run2L1,s1616595_1848_2L1_s21
7443,2492,E2492_e1569992,run2L2,s1618444_1848_2L2_s22
7443,2492,E2492_e1569992,run2L3,s1620293_1848_2L3_s23
7443,2492,E2492_e1569992,run2L4,s1622142_1848_2L4_s24
7443,2492,E2492_e1569992,run2L5,s1623991_1848_2L5_s25
7443,2492,E2492_e1569992,run2L6,s1625840_1848_2L6_s26
7443,2492,E2492_e1569992,run2M1,s1628082_5445_2M1_s30
7443,2492,E2492_e1569992,run2M2,s1633528_5445_2M2_s31
7443,2492,E2492_e1569992,run2M3,s1638974_5445_2M3_s33
7443,2492,E2492_e1569992,run2M4,s1644420_5445_2M4_s34
7443,2492,E2492_e1569992,run2M5,s1649866_5445_2M5_s35
7443,2492,E2492_e1569992,run2M6,s1655312_5445_2M6_s36
7453,2474,E2474_e1064072,anat-1-1,s1075698_166_SPGR1_s10
7453,2474,E2474_e1064072,anat-1-2,s1075865_166_SPGR2_s11
7453,2474,E2474_e1064072,anat-2-1,s1121680_166_SPGR3_28
7453,2474,E2474_e1064072,run1L1,s1064087_1904_1L1_s3
7453,2474,E2474_e1064072,run1L2,s1065992_1904_1L2_s4
7453,2474,E2474_e1064072,run1L3,s1067897_1904_1L3_s5
7453,2474,E2474_e1064072,run1L4,s1069837_1904_1L4_s6
7453,2474,E2474_e1064072,run1L5,s1071777_1904_1L5_s7
7453,2474,E2474_e1064072,run1L6,s1073717_1904_1L6_s8
7453,2474,E2474_e1064072,run1M1,s1076032_5610_1M1_s12
7453,2474,E2474_e1064072,run1M2,s1081678_5610_1M2_s13
7453,2474,E2474_e1064072,run1M3,s1087324_5610_1M3_s14
7453,2474,E2474_e1064072,run1M4,s1092970_5610_1M4_s15
7453,2474,E2474_e1064072,run1M5,s1098651_5610_1M5_s16
7453,2474,E2474_e1064072,run1M6,s1104297_5610_1M6_s17
7453,2474,E2474_e1064072,run2L1,s1109959_1904_2L1_s20
7453,2474,E2474_e1064072,run2L2,s1111899_1904_2L2_s21
7453,2474,E2474_e1064072,run2L3,s1113839_1904_2L3_s22
7453,2474,E2474_e1064072,run2L4,s1115779_1904_2L4_s23
7453,2474,E2474_e1064072,run2L5,s1117719_1904_2L5_s24
7453,2474,E2474_e1064072,run2L6,s1119624_1904_2L6_s25
7453,2474,E2474_e1064072,run2M1,s1121847_5610_2M1_s29
7453,2474,E2474_e1064072,run2M2,s1127493_5610_2M2_s30
7453,2474,E2474_e1064072,run2M3,s1133139_5610_2M3_s31
7453,2474,E2474_e1064072,run2M4,s1138785_5610_2M4_s32
7453,2474,E2474_e1064072,run2M5,s1144431_5610_2M5_s33
7453,2474,E2474_e1064072,run2M6,s1150077_5610_2M6_s34
7458,2434,E2434_e1155724,anat-1-1,s1167225_166_SPGR1_s12
7458,2434,E2434_e1155724,anat-1-2,s1167392_166_SPGR2_s13
7458,2434,E2434_e1155724,anat-2-1,s1214230_166_SPGR3_s29
7458,2434,E2434_e1155724,anat-2-2,s1214465_166_SPGR4_s30
7458,2434,E2434_e1155724,run1L1,s1155742_1904_1L1_s5
7458,2434,E2434_e1155724,run1L2,s1157658_1904_1L2_s6
7458,2434,E2434_e1155724,run1L3,s1159564_1904_1L3_s7
7458,2434,E2434_e1155724,run1L4,s1161469_1904_1L4_s8
7458,2434,E2434_e1155724,run1L5,s1163374_1904_1L5_s9
7458,2434,E2434_e1155724,run1L6,s1165279_1904_1L6_s10
7458,2434,E2434_e1155724,run1M1,s1167559_5610_1M1_s14
7458,2434,E2434_e1155724,run1M2,s1173176_5610_1M2_s15
7458,2434,E2434_e1155724,run1M3,s1178787_5610_1M3_s16
7458,2434,E2434_e1155724,run1M4,s1184398_5610_1M4_s17
7458,2434,E2434_e1155724,run1M5,s1190009_5610_1M5_s18
7458,2434,E2434_e1155724,run1M6,s1195638_5610_1M6_s19
7458,2434,E2434_e1155724,run2L1,s1201282_1904_2L1_s22
7458,2434,E2434_e1155724,run2L2,s1203187_1904_2L2_s23
7458,2434,E2434_e1155724,run2L3,s1205092_1904_2L3_s24
7458,2434,E2434_e1155724,run2L4,s1207270_1904_2L4_s25
7458,2434,E2434_e1155724,run2L5,s1209583_1904_2L5_s26
7458,2434,E2434_e1155724,run2L6,s1211896_1904_2L6_s27
7458,2434,E2434_e1155724,run2M1,s1214700_5610_2M1_s31
7458,2434,E2434_e1155724,run2M2,s1221535_5610_2M2_s32
7458,2434,E2434_e1155724,run2M3,s1228370_5610_2M3_s33
7458,2434,E2434_e1155724,run2M4,s1234661_5610_2M4_s34
7458,2434,E2434_e1155724,run2M5,s1241463_5610_2M5_s36
7474,2530,e2227547,anat-1-1,s2239067_166_SPGR1_s12
7474,2530,e2227547,anat-1-2,s2239234_166_SPGR2_s13
7474,2530,e2227547,anat-2-1,s2284574_166_SPGR3_s30
7474,2530,e2227547,run1L1,s2227579_1904_1L1_s5
7474,2530,e2227547,run1L2,s2229484_1904_1L2_s6
7474,2530,e2227547,run1L3,s2231389_1904_1L3_s7
7474,2530,e2227547,run1L4,s2233294_1904_1L4_s8
7474,2530,e2227547,run1L5,s2235199_1904_1L5_s9
7474,2530,e2227547,run1L6,s2237104_1904_1L6_s10
7474,2530,e2227547,run1M1,s2239401_5610_1M1_s14
7474,2530,e2227547,run1M2,s2245012_5610_1M2_s15
7474,2530,e2227547,run1M3,s2250623_5610_1M3_s16
7474,2530,e2227547,run1M4,s2256234_5610_1M4_s17
7474,2530,e2227547,run1M5,s2261845_5610_1M5_s18
7474,2530,e2227547,run1M6,s2267456_5610_1M6_s19
7474,2530,e2227547,run2L1,s2273083_1904_2L1_s22
7474,2530,e2227547,run2L2,s2274988_1904_2L2_s23
7474,2530,e2227547,run2L3,s2276893_1904_2L3_s24
7474,2530,e2227547,run2L4,s2278798_1904_2L4_s26
7474,2530,e2227547,run2L5,s2280703_1904_2L5_s27
7474,2530,e2227547,run2L6,s2282608_1904_2L6_s28
7474,2530,e2227547,run2M1,s2284741_5610_2M1_s31
7474,2530,e2227547,run2M2,s2290352_5610_2M2_s32
7474,2530,e2227547,run2M3,s2295963_5610_2M3_s33
7474,2530,e2227547,run2M4,s2301574_5610_2M4_s34
7474,2530,e2227547,run2M5,s2307185_5610_2M5_s35
7474,2530,e2227547,run2M6,s2312796_5610_2M6_s36
7477,2539,E2539_e2401779,anat-1-1,s2413281_166_SPGR1_s12
7477,2539,E2539_e2401779,anat-2-1,s2458619_166_SPGR2_s28
7477,2539,E2539_e2401779,run1L1,s2401812_1904_1L1_s5
7477,2539,E2539_e2401779,run1L2,s2403717_1904_1L2_s6
7477,2539,E2539_e2401779,run1L3,s2405622_1904_1L3_s7
7477,2539,E2539_e2401779,run1L4,s2407527_1904_1L4_s8
7477,2539,E2539_e2401779,run1L5,s2409432_1904_1L5_s9
7477,2539,E2539_e2401779,run1L6,s2411337_1904_1L6_s10
7477,2539,E2539_e2401779,run1M1,s2413448_5610_1M1_s13
7477,2539,E2539_e2401779,run1M2,s2419059_5610_1M2_s14
7477,2539,E2539_e2401779,run1M3,s2424670_5610_1M3_s15
7477,2539,E2539_e2401779,run1M4,s2430281_5610_1M4_s16
7477,2539,E2539_e2401779,run1M5,s2435892_5610_1M5_s17
7477,2539,E2539_e2401779,run1M6,s2441503_5610_1M6_s18
7477,2539,E2539_e2401779,run2L1,s2447130_1904_2L1_s21
7477,2539,E2539_e2401779,run2L2,s2449035_1904_2L2_s22
7477,2539,E2539_e2401779,run2L3,s2450940_1904_2L3_s23
7477,2539,E2539_e2401779,run2L4,s2452845_1904_2L4_s24
7477,2539,E2539_e2401779,run2L5,s2454750_1904_2L5_s25
7477,2539,E2539_e2401779,run2L6,s2456655_1904_2L6_s26
7477,2539,E2539_e2401779,run2M1,s2458786_5610_2M1_s29
7477,2539,E2539_e2401779,run2M2,s2464397_5610_2M2_s30
7477,2539,E2539_e2401779,run2M3,s2470008_5610_2M3_s31
7477,2539,E2539_e2401779,run2M4,s2475619_5610_2M4_s32
7477,2539,E2539_e2401779,run2M5,s2481230_5610_2M5_s33
7477,2539,E2539_e2401779,run2M6,s2486841_5610_2M6_s34
7478,2489,E2489_e1477970,anat-1-1,s1489475_166_SPGR1_s10
7478,2489,E2489_e1477970,anat-1-2,s1489642_166_SPGR2_s11
7478,2489,E2489_e1477970,anat-2-1,s1534986_166_SPGR3_s27
7478,2489,E2489_e1477970,anat-2-2,s1535153_166_SPGR4_s28
7478,2489,E2489_e1477970,run1L1,s1477986_1904_1L1_s3
7478,2489,E2489_e1477970,run1L2,s1479891_1904_1L2_s4
7478,2489,E2489_e1477970,run1L3,s1481796_1904_1L3_s5
7478,2489,E2489_e1477970,run1L4,s1483701_1904_1L4_s6
7478,2489,E2489_e1477970,run1L5,s1485606_1904_1L5_s7
7478,2489,E2489_e1477970,run1L6,s1487511_1904_1L6_s8
7478,2489,E2489_e1477970,run1M1,s1489809_5610_1M1_s12
7478,2489,E2489_e1477970,run1M2,s1495420_5610_1M2_s13
7478,2489,E2489_e1477970,run1M3,s1501031_5610_1M3_s14
7478,2489,E2489_e1477970,run1M4,s1506642_5610_1M4_s15
7478,2489,E2489_e1477970,run1M5,s1512253_5610_1M5_s16
7478,2489,E2489_e1477970,run1M6,s1517864_5610_1M6_s17
7478,2489,E2489_e1477970,run2L1,s1523491_1904_2L1_s20
7478,2489,E2489_e1477970,run2L2,s1525396_1904_2L2_s21
7478,2489,E2489_e1477970,run2L3,s1527301_1904_2L3_s22
7478,2489,E2489_e1477970,run2L4,s1529206_1904_2L4_s23
7478,2489,E2489_e1477970,run2L5,s1531111_1904_2L5_s24
7478,2489,E2489_e1477970,run2L6,s1533016_1904_2L6_s25
7478,2489,E2489_e1477970,run2M1,s1535320_5610_2M1_s29
7478,2489,E2489_e1477970,run2M2,s1540931_5610_2M2_s30
7478,2489,E2489_e1477970,run2M3,s1546542_5610_2M3_s31
7478,2489,E2489_e1477970,run2M4,s1552153_5610_2M4_s32
7478,2489,E2489_e1477970,run2M5,s1557764_5610_2M5_s33
7478,2489,E2489_e1477970,run2M6,s1563375_5610_2M6_s34
7480,2693,E2693_e500076,anat-1-1,s511563_166_SPGR1_s10
7480,2693,E2693_e500076,anat-1-2,s511730_166_SPGR2_s11
7480,2693,E2693_e500076,anat-2-1,s557045_166_SPGR3_s27
7480,2693,E2693_e500076,anat-2-2,s557212_166_SPGR4_s28
7480,2693,E2693_e500076,run1L1,s500095_1904_1L1_s3
7480,2693,E2693_e500076,run1L2,s502000_1904_1L2_s4
7480,2693,E2693_e500076,run1L3,s503905_1904_1L3_s5
7480,2693,E2693_e500076,run1L4,s505810_1904_1L4_s6
7480,2693,E2693_e500076,run1L5,s507715_1904_1L5_s7
7480,2693,E2693_e500076,run1L6,s509620_1904_1L6_s8
7480,2693,E2693_e500076,run1M1,s511897_5610_1M1_s12
7480,2693,E2693_e500076,run1M2,s517508_5610_1M2_s13
7480,2693,E2693_e500076,run1M3,s523119_5610_1M3_s14
7480,2693,E2693_e500076,run1M4,s528730_5610_1M4_s15
7480,2693,E2693_e500076,run1M5,s534341_5610_1M5_s16
7480,2693,E2693_e500076,run1M6,s539952_5610_1M6_s17
7480,2693,E2693_e500076,run2L1,s545579_1904_2L1_s20
7480,2693,E2693_e500076,run2L2,s547484_1904_2L2_s21
7480,2693,E2693_e500076,run2L3,s549389_1904_2L3_s22
7480,2693,E2693_e500076,run2L4,s551294_1904_2L4_s23
7480,2693,E2693_e500076,run2L5,s553199_1904_2L5_s24
7480,2693,E2693_e500076,run2L6,s555104_1904_2L6_s25
7480,2693,E2693_e500076,run2M1,s557379_5610_2M1_s29
7480,2693,E2693_e500076,run2M2,s562990_5610_2M2_s30
7480,2693,E2693_e500076,run2M3,s568601_5610_2M3_s31
7480,2693,E2693_e500076,run2M4,s574212_5610_2M4_s32
7480,2693,E2693_e500076,run2M5,s579823_5610_2M5_s33
7480,2693,E2693_e500076,run2M6,s585434_5610_2M6_s34
7498,2592,E2592_e550968,anat-1-1,s563221_166_SPGR1_s11
7498,2592,E2592_e550968,anat-1-2,s563388_166_SPGR2_s12
7498,2592,E2592_e550968,anat-2-1,s608726_166_SPGR3_s28
7498,2592,E2592_e550968,run1L1,s551710_1904_1L1_s4
7498,2592,E2592_e550968,run1L2,s553615_1904_1L2_s5
7498,2592,E2592_e550968,run1L3,s555520_1904_1L3_s6
7498,2592,E2592_e550968,run1L4,s557425_1904_1L4_s7
7498,2592,E2592_e550968,run1L5,s559330_1904_1L5_s8
7498,2592,E2592_e550968,run1L6,s561235_1904_1L6_s9
7498,2592,E2592_e550968,run1M1,s563555_5610_1M1_s13
7498,2592,E2592_e550968,run1M2,s569166_5610_1M2_s14
7498,2592,E2592_e550968,run1M3,s574777_5610_1M3_s15
7498,2592,E2592_e550968,run1M4,s580388_5610_1M4_s16
7498,2592,E2592_e550968,run1M5,s585999_5610_1M5_s17
7498,2592,E2592_e550968,run1M6,s591610_5610_1M6_s18
7498,2592,E2592_e550968,run2L1,s597237_1904_2L1_s21
7498,2592,E2592_e550968,run2L2,s599142_1904_2L2_s22
7498,2592,E2592_e550968,run2L3,s601047_1904_2L3_s23
7498,2592,E2592_e550968,run2L4,s602952_1904_2L4_s24
7498,2592,E2592_e550968,run2L5,s604857_1904_2L5_s25
7498,2592,E2592_e550968,run2L6,s606762_1904_2L6_s26
7498,2592,E2592_e550968,run2M1,s608893_5610_2M1_s29
7498,2592,E2592_e550968,run2M2,s614504_5610_2M2_s30
7498,2592,E2592_e550968,run2M3,s620115_5610_2M3_s31
7498,2592,E2592_e550968,run2M4,s625726_5610_2M4_s32
7498,2592,E2592_e550968,run2M5,s631337_5610_2M5_s33
7498,2592,E2592_e550968,run2M6,s636948_5610_2M6_s34
7508,2590,E2590_e460122,anat-1-1,s471611_166_SPGR1_s10
7508,2590,E2590_e460122,anat-1-2,s471778_166_SPGR2_s11
7508,2590,E2590_e460122,run1L1,s460140_1904_1L1_s3
7508,2590,E2590_e460122,run1L2,s462045_1904_1L2_s4
7508,2590,E2590_e460122,run1L3,s463950_1904_1L3_s5
7508,2590,E2590_e460122,run1L4,s465855_1904_1L4_s6
7508,2590,E2590_e460122,run1L5,s467760_1904_1L5_s7
7508,2590,E2590_e460122,run1L6,s469665_1904_1L6_s8
7508,2590,E2590_e460122,run1M1,s472112_5610_1M1_s13
7508,2590,E2590_e460122,run1M2,s477723_5610_1M2_s14
7508,2590,E2590_e460122,run1M3,s483334_5610_1M3_s15
7508,2590,E2590_e460122,run1M4,s488945_5610_1M4_s16
7508,2590,E2590_e460122,run1M5,s494556_5610_1M5_s17
7508,2590,E2590_e460122,run1M6,s500167_5610_1M6_s18
7508,2590,E2590_e460122,run2L1,s505794_1904_2L1_s21
7508,2590,E2590_e460122,run2L2,s507699_1904_2L2_s22
7508,2590,E2590_e460122,run2L3,s509604_1904_2L3_s23
7508,2590,E2590_e460122,run2L4,s511509_1904_2L4_s24
7508,2590,E2590_e460122,run2L5,s513414_1904_2L5_s25
7508,2590,E2590_e460122,run2L6,s515319_1904_2L6_s26
7508,2591,E2591_e517283,run2M1,s517301_5610_2M1_s3
7508,2591,E2591_e517283,run2M2,s522912_5610_2M2_s4
7508,2591,E2591_e517283,run2M3,s528523_5610_2M3_s5
7508,2591,E2591_e517283,run2M4,s534134_5610_2M4_s6
7508,2591,E2591_e517283,run2M5,s539745_5610_2M5_s7
7508,2591,E2591_e517283,run2M6,s545356_5610_2M6_s8
7521,2662,E2662_e127593,anat-1-1,s139081_166_SPGR1_s10
7521,2662,E2662_e127593,anat-1-2,s139248_166_SPGR2_s11
7521,2662,E2662_e127593,anat-2-1,s185055_176_SPGR3_s27
7521,2662,E2662_e127593,run1L1,s127610_1904_1L1_s3
7521,2662,E2662_e127593,run1L2,s129515_1904_1L2_s4
7521,2662,E2662_e127593,run1L3,s131420_1904_1L3_s5
7521,2662,E2662_e127593,run1L4,s133325_1904_1L4_s6
7521,2662,E2662_e127593,run1L5,s135230_1904_1L5_s7
7521,2662,E2662_e127593,run1L6,s137135_1904_1L6_s8
7521,2662,E2662_e127593,run1M1,s139415_5610_1M1_s12
7521,2662,E2662_e127593,run1M2,s145026_5610_1M2_s13
7521,2662,E2662_e127593,run1M3,s150637_5610_1M3_s14
7521,2662,E2662_e127593,run1M4,s156248_5610_1M4_s15
7521,2662,E2662_e127593,run1M5,s161859_5610_1M5_s16
7521,2662,E2662_e127593,run1M6,s167843_5610_1M6_s17
7521,2662,E2662_e127593,run2L1,s173470_1904_2L1_s20
7521,2662,E2662_e127593,run2L2,s175375_1904_2L2_s21
7521,2662,E2662_e127593,run2L3,s177280_1904_2L3_s22
7521,2662,E2662_e127593,run2L4,s179185_1904_2L4_s23
7521,2662,E2662_e127593,run2L5,s181090_1904_2L5_s24
7521,2662,E2662_e127593,run2L6,s183091_1904_2L6_s25
7521,2662,E2662_e127593,run2M1,s185232_5610_2M1_s28
7521,2662,E2662_e127593,run2M2,s192000_5610_2M2_s30
7521,2662,E2662_e127593,run2M3,s197611_5610_2M3_s31
7521,2662,E2662_e127593,run2M4,s203222_5610_2M4_s32
7521,2662,E2662_e127593,run2M5,s208833_5610_2M5_s33
7521,2662,E2662_e127593,run2M6,s214444_5610_2M6_s34
7533,2679,E2679_e361859,anat-1-1,s373688_166_SPGR1_s11
7533,2679,E2679_e361859,anat-1-2,s373855_166_SPGR2_s12
7533,2710,E2710_e151276,anat-2-1,s162765_166_SPGR1_s10
7533,2679,E2679_e361859,run1L1,s362217_1904_1L1_s4
7533,2679,E2679_e361859,run1L2,s364122_1904_1L2_s5
7533,2679,E2679_e361859,run1L3,s366027_1904_1L3_s6
7533,2679,E2679_e361859,run1L4,s367932_1904_1L4_s7
7533,2679,E2679_e361859,run1L5,s369837_1904_1L5_s8
7533,2679,E2679_e361859,run1L6,s371742_1904_1L6_s9
7533,2679,E2679_e361859,run1M1,s374022_5610_1M1_s13
7533,2679,E2679_e361859,run1M2,s379633_5610_1M2_s14
7533,2679,E2679_e361859,run1M3,s385244_5610_1M3_s15
7533,2679,E2679_e361859,run1M4,s390992_5610_1M4_s17
7533,2679,E2679_e361859,run1M5,s396603_5610_1M5_s18
7533,2679,E2679_e361859,run1M6,s402214_5610_1M6_s19
7533,2710,E2710_e151276,run2L1,s151294_1904_1L1_s3
7533,2710,E2710_e151276,run2L2,s153199_1904_1L2_s4
7533,2710,E2710_e151276,run2L3,s155104_1904_1L3_s5
7533,2710,E2710_e151276,run2L4,s157009_1904_1L4_s6
7533,2710,E2710_e151276,run2L5,s158914_1904_1L5_s7
7533,2710,E2710_e151276,run2L6,s160819_1904_1L6_s8
7533,2710,E2710_e151276,run2M1,s162932_5610_1M1_s11
7533,2710,E2710_e151276,run2M2,s168543_5610_1M2_s12
7533,2710,E2710_e151276,run2M3,s174154_5610_1M3_s13
7533,2710,E2710_e151276,run2M4,s179765_5610_1M4_s14
7533,2710,E2710_e151276,run2M5,s185376_5610_1M5_s15
7533,2710,E2710_e151276,run2M6,s190987_5610_1M6_s16
7534,2728,E2728_e454332,anat-1-1,s465821_166_SPGR1_s10
7534,2728,E2728_e454332,anat-1-2,s465988_166_SPGR2_s11
7534,2728,E2728_e454332,anat-2-1,s511634_166_SPGR3_s29
7534,2728,E2728_e454332,run1L1,s454350_1904_1L1_s3
7534,2728,E2728_e454332,run1L2,s456255_1904_1L2_s4
7534,2728,E2728_e454332,run1L3,s458160_1904_1L3_s5
7534,2728,E2728_e454332,run1L4,s460065_1904_1L4_s6
7534,2728,E2728_e454332,run1L5,s461970_1904_1L5_s7
7534,2728,E2728_e454332,run1L6,s463875_1904_1L6_s8
7534,2728,E2728_e454332,run1M1,s466463_5610_1M1_s14
7534,2728,E2728_e454332,run1M2,s472074_5610_1M2_s15
7534,2728,E2728_e454332,run1M3,s477685_5610_1M3_s16
7534,2728,E2728_e454332,run1M4,s483296_5610_1M4_s17
7534,2728,E2728_e454332,run1M5,s488907_5610_1M5_s18
7534,2728,E2728_e454332,run1M6,s494518_5610_1M6_s19
7534,2728,E2728_e454332,run2L1,s500145_1904_2L1_s22
7534,2728,E2728_e454332,run2L2,s502050_1904_2L2_s23
7534,2728,E2728_e454332,run2L3,s503955_1904_2L3_s24
7534,2728,E2728_e454332,run2L4,s505860_1904_2L4_s25
7534,2728,E2728_e454332,run2L5,s507765_1904_2L5_s26
7534,2728,E2728_e454332,run2L6,s509670_1904_2L6_s27
7534,2728,E2728_e454332,run2M1,s511801_5610_2M1_s30
7534,2728,E2728_e454332,run2M2,s517412_5610_2M2_s31
7534,2728,E2728_e454332,run2M3,s523023_5610_2M3_s32
7534,2728,E2728_e454332,run2M4,s528634_5610_2M4_s33
7534,2728,E2728_e454332,run2M5,s534245_5610_2M5_s34
7534,2728,E2728_e454332,run2M6,s539856_5610_2M6_s35
7542,2727,E2727_e363504,anat-1-1,s374993_166_SPGR1_s10
7542,2727,E2727_e363504,anat-1-2,s375160_166_SPGR2_s11
7542,2727,E2727_e363504,anat-2-1,s420498_166_SPGR3_s27
7542,2727,E2727_e363504,run1L1,s363522_1904_1L1_s3
7542,2727,E2727_e363504,run1L2,s365427_1904_1L2_s4
7542,2727,E2727_e363504,run1L3,s367332_1904_1L3_s5
7542,2727,E2727_e363504,run1L4,s369237_1904_1L4_s6
7542,2727,E2727_e363504,run1L5,s371142_1904_1L5_s7
7542,2727,E2727_e363504,run1L6,s373047_1904_1L6_s8
7542,2727,E2727_e363504,run1M1,s375327_5610_1M1_s12
7542,2727,E2727_e363504,run1M2,s380938_5610_1M2_s13
7542,2727,E2727_e363504,run1M3,s386549_5610_1M3_s14
7542,2727,E2727_e363504,run1M4,s392160_5610_1M4_s15
7542,2727,E2727_e363504,run1M5,s397771_5610_1M5_s16
7542,2727,E2727_e363504,run1M6,s403382_5610_1M6_s17
7542,2727,E2727_e363504,run2L1,s409009_1904_2L1_s20
7542,2727,E2727_e363504,run2L2,s410914_1904_2L2_s21
7542,2727,E2727_e363504,run2L3,s412819_1904_2L3_s22
7542,2727,E2727_e363504,run2L4,s414724_1904_2L4_s23
7542,2727,E2727_e363504,run2L5,s416629_1904_2L5_s24
7542,2727,E2727_e363504,run2L6,s418534_1904_2L6_s25
7542,2727,E2727_e363504,run2M1,s420665_5610_2M1_s28
7542,2727,E2727_e363504,run2M2,s426276_5610_2M2_s29
7542,2727,E2727_e363504,run2M3,s431887_5610_2M3_s30
7542,2727,E2727_e363504,run2M4,s437498_5610_2M4_s31
7542,2727,E2727_e363504,run2M5,s443109_5610_2M5_s32
7542,2727,E2727_e363504,run2M6,s448720_5610_2M6_s33
7558,2849,E2849_e2474424,anat-1-1,s2485914_166_fspgr_s9
7558,2849,E2849_e2474424,anat-1-2,s2486081_166_fspgr_s10
7558,2849,E2849_e2474424,anat-2-1,s2531391_166_fspgr_s25
7558,2849,E2849_e2474424,run1L1,s2474435_1904_1L1_s2
7558,2849,E2849_e2474424,run1L2,s2476340_1904_1L2_s3
7558,2849,E2849_e2474424,run1L3,s2478245_1904_1L3_s4
7558,2849,E2849_e2474424,run1L4,s2480150_1904_1L4_s5
7558,2849,E2849_e2474424,run1L5,s2482055_1904_1L5_s6
7558,2849,E2849_e2474424,run1L6,s2483960_1904_1L6_s7
7558,2849,E2849_e2474424,run1M1,s2486248_5610_1M1_s11
7558,2849,E2849_e2474424,run1M2,s2491859_5610_1M2_s12
7558,2849,E2849_e2474424,run1M3,s2497470_5610_1M3_s13
7558,2849,E2849_e2474424,run1M4,s2503081_5610_1M4_s14
7558,2849,E2849_e2474424,run1M5,s2508692_5610_1M5_s15
7558,2849,E2849_e2474424,run1M6,s2514303_5610_1M6_s16
7558,2849,E2849_e2474424,run2L1,s2519924_1904_2L1_s18
7558,2849,E2849_e2474424,run2L2,s2521829_1904_2L2_s19
7558,2849,E2849_e2474424,run2L3,s2523734_1904_2L3_s20
7558,2849,E2849_e2474424,run2L4,s2525639_1904_2L4_s21
7558,2849,E2849_e2474424,run2L5,s2527544_1904_2L5_s22
7558,2849,E2849_e2474424,run2L6,s2529449_1904_2L6_s23
7558,2849,E2849_e2474424,run2M1,s2531558_5610_2M1_s26
7558,2849,E2849_e2474424,run2M2,s2537169_5610_2M2_s27
7558,2849,E2849_e2474424,run2M3,s2542790_5610_2M3_s29
7558,2849,E2849_e2474424,run2M4,s2548401_5610_2M4_s30
7558,2849,E2849_e2474424,run2M5,s2554012_5610_2M5_s31
7558,2849,E2849_e2474424,run2M6,s2559623_5610_2M6_s32
7561,2750,E2750_e766322,anat-1-1,s777810_166_SPGR1_s10
7561,2750,E2750_e766322,anat-1-2,s777977_166_SPGR2_s11
7561,2776,E2776_e1253413,anat-2-1,s1264874_166_fspgr_s10
7561,2776,E2776_e1253413,anat-2-2,s1265041_166_fspgr_s11
7561,2750,E2750_e766322,run1L1,s766339_1904_1L1_s3
7561,2750,E2750_e766322,run1L2,s768244_1904_1L2_s4
7561,2750,E2750_e766322,run1L3,s770149_1904_1L3_s5
7561,2750,E2750_e766322,run1L4,s772054_1904_1L4_s6
7561,2750,E2750_e766322,run1L5,s773959_1904_1L5_s7
7561,2750,E2750_e766322,run1L6,s775864_1904_1L6_s8
7561,2750,E2750_e766322,run1M1,s778144_5610_1M1_s12
7561,2751,E2751_e783755,run1M3,s783772_5610_1M1_s3
7561,2751,E2751_e783755,run1M4,s789383_5610_1M2_s4
7561,2751,E2751_e783755,run1M5,s794994_5610_1M3_s5
7561,2751,E2751_e783755,run1M6,s800605_5610_1M4_s6
7561,2776,E2776_e1253413,run2L1,s1253429_1904_1L1_s3
7561,2776,E2776_e1253413,run2L2,s1255334_1904_1L2_s4
7561,2776,E2776_e1253413,run2L3,s1257239_1904_1L3_s5
7561,2776,E2776_e1253413,run2L4,s1259144_1904_1L4_s6
7561,2776,E2776_e1253413,run2L5,s1261049_1904_1L5_s7
7561,2776,E2776_e1253413,run2L6,s1262954_1904_1L6_s8
7561,2776,E2776_e1253413,run2M1,s1265208_5610_1M1_s12
7561,2776,E2776_e1253413,run2M2,s1270819_5610_1M2_s13
7561,2776,E2776_e1253413,run2M3,s1276430_5610_1M3_s14
7561,2776,E2776_e1253413,run2M4,s1282041_5610_1M4_s15
7561,2776,E2776_e1253413,run2M5,s1287652_5610_1M5_s16
7561,2776,E2776_e1253413,run2M6,s1293263_5610_1M6_s17
7562,2880,E2880_e3084893,anat-1-1,s3096719_166_fspgr_s9
7562,2880,E2880_e3084893,anat-1-2,s3096886_166_fspgr_s10
7562,2880,E2880_e3084893,anat-2-1,s3142196_166_fspgr_s26
7562,2880,E2880_e3084893,anat-2-2,s3142363_166_fspgr_s27
7562,2880,E2880_e3084893,run1L1,s3084904_1960_1L1_s2
7562,2880,E2880_e3084893,run1L2,s3086865_1960_1L2_s3
7562,2880,E2880_e3084893,run1L3,s3088826_1960_1L3_s4
7562,2880,E2880_e3084893,run1L4,s3090787_1960_1L4_s5
7562,2880,E2880_e3084893,run1L5,s3092748_1960_1L5_s6
7562,2880,E2880_e3084893,run1L6,s3094709_1960_1L6_s7
7562,2880,E2880_e3084893,run1M1,s3097053_5610_1M1_s11
7562,2880,E2880_e3084893,run1M2,s3102664_5610_1M2_s12
7562,2880,E2880_e3084893,run1M3,s3108275_5610_1M3_s13
7562,2880,E2880_e3084893,run1M4,s3113886_5610_1M4_s14
7562,2880,E2880_e3084893,run1M5,s3119497_5610_1M5_s15
7562,2880,E2880_e3084893,run1M6,s3125108_5610_1M6_s16
7562,2880,E2880_e3084893,run2L1,s3130729_1904_2L1_s19
7562,2880,E2880_e3084893,run2L2,s3132634_1904_2L2_s20
7562,2880,E2880_e3084893,run2L3,s3134539_1904_2L3_s21
7562,2880,E2880_e3084893,run2L4,s3136444_1904_2L4_s22
7562,2880,E2880_e3084893,run2L5,s3138349_1904_2L5_s23
7562,2880,E2880_e3084893,run2L6,s3140254_1904_2L6_s24
7562,2880,E2880_e3084893,run2M1,s3142530_5610_2M1_s28
7562,2880,E2880_e3084893,run2M2,s3148141_5610_2M2_s29
7562,2880,E2880_e3084893,run2M3,s3153752_5610_2M3_s30
7562,2880,E2880_e3084893,run2M4,s3159363_5610_2M4_s31
7562,2880,E2880_e3084893,run2M5,s3164974_5610_2M5_s32
7562,2880,E2880_e3084893,run2M6,s3170585_5610_2M6_s33
7575,3184,E3184_e858822,anat-1-1,s870285_166_fspgr_s10
7575,3184,E3184_e858822,anat-1-2,s870452_166_fspgr_s11
7575,3184,E3184_e858822,anat-2-1,s915746_166_fspgr_s27
7575,3184,E3184_e858822,anat-2-2,s915913_166_fspgr_s28
7575,3184,E3184_e858822,run1L1,s858840_1904_1L1_s3
7575,3184,E3184_e858822,run1L2,s860745_1904_1L2_s4
7575,3184,E3184_e858822,run1L3,s862650_1904_1L3_s5
7575,3184,E3184_e858822,run1L4,s864555_1904_1L4_s6
7575,3184,E3184_e858822,run1L5,s866460_1904_1L5_s7
7575,3184,E3184_e858822,run1L6,s868365_1904_1L6_s8
7575,3184,E3184_e858822,run1M1,s870619_5610_1M1_s12
7575,3184,E3184_e858822,run1M2,s876230_5610_1M2_s13
7575,3184,E3184_e858822,run1M3,s881841_5610_1M3_s14
7575,3184,E3184_e858822,run1M4,s887452_5610_1M4_s15
7575,3184,E3184_e858822,run1M5,s893063_5610_1M5_s16
7575,3184,E3184_e858822,run1M6,s898674_5610_1M6_s17
7575,3184,E3184_e858822,run2L1,s904301_1904_2L1_s20
7575,3184,E3184_e858822,run2L2,s906206_1904_2L2_s21
7575,3184,E3184_e858822,run2L3,s908111_1904_2L3_s22
7575,3184,E3184_e858822,run2L4,s910016_1904_2L4_s23
7575,3184,E3184_e858822,run2L5,s911921_1904_2L5_s24
7575,3184,E3184_e858822,run2L6,s913826_1904_2L6_s25
7575,3184,E3184_e858822,run2M1,s916080_5610_2M1_s29
7575,3184,E3184_e858822,run2M2,s921691_5610_2M2_s30
7575,3184,E3184_e858822,run2M3,s927302_5610_2M3_s31
7575,3184,E3184_e858822,run2M4,s932913_5610_2M4_s32
7575,3184,E3184_e858822,run2M5,s938524_5610_2M5_s33
7575,3184,E3184_e858822,run2M6,s944135_5610_2M6_s34
7580,2961,E2961_e4354087,anat-1-1,s4365884_166_fspgr_s10
7580,2961,E2961_e4354087,anat-1-2,s4366051_166_fspgr_s11
7580,2961,E2961_e4354087,anat-2-1,s4411365_166_fspgr_s26
7580,2961,E2961_e4354087,anat-2-2,s4411532_166_fspgr_s27
7580,2961,E2961_e4354087,run1L1,s4354405_1904_1L1_s3
7580,2961,E2961_e4354087,run1L2,s4356310_1904_1L2_s4
7580,2961,E2961_e4354087,run1L3,s4358215_1904_1L3_s5
7580,2961,E2961_e4354087,run1L4,s4360120_1904_1L4_s6
7580,2961,E2961_e4354087,run1L5,s4362025_1904_1L5_s7
7580,2961,E2961_e4354087,run1L6,s4363930_1904_1L6_s8
7580,2961,E2961_e4354087,run1M1,s4366218_5610_1M1_s12
7580,2961,E2961_e4354087,run1M2,s4371829_5610_1M2_s13
7580,2961,E2961_e4354087,run1M3,s4377440_5610_1M3_s14
7580,2961,E2961_e4354087,run1M4,s4383051_5610_1M4_s15
7580,2961,E2961_e4354087,run1M5,s4388662_5610_1M5_s16
7580,2961,E2961_e4354087,run1M6,s4394273_5610_1M6_s17
7580,2961,E2961_e4354087,run2L1,s4399894_1904_2L1_s19
7580,2961,E2961_e4354087,run2L2,s4401799_1904_2L2_s20
7580,2961,E2961_e4354087,run2L3,s4403704_1904_2L3_s21
7580,2961,E2961_e4354087,run2L4,s4405609_1904_2L4_s22
7580,2961,E2961_e4354087,run2L5,s4407514_1904_2L5_s23
7580,2961,E2961_e4354087,run2L6,s4409419_1904_2L6_s24
7580,2961,E2961_e4354087,run2M1,s4411699_5610_2M1_s28
7580,2961,E2961_e4354087,run2M2,s4417310_5610_2M2_s29
7580,2961,E2961_e4354087,run2M3,s4422921_5610_2M3_s30
7580,2961,E2961_e4354087,run2M4,s4428532_5610_2M4_s31
7580,2961,E2961_e4354087,run2M5,s4434143_5610_2M5_s32
7580,2961,E2961_e4354087,run2M6,s4439754_5610_2M6_s33
7607,3380,E3380_e149485,anat-1-1,s162108_166_s12
7607,3380,E3380_e149485,anat-1-2,s162275_166_s13
7607,3380,E3380_e149485,anat-2-1,s207569_166_s29
7607,3380,E3380_e149485,anat-2-2,s207736_166_s30
7607,3380,E3380_e149485,run1L1,s150661_1904_s5
7607,3380,E3380_e149485,run1L2,s152566_1904_s6
7607,3380,E3380_e149485,run1L3,s154471_1904_s7
7607,3380,E3380_e149485,run1L4,s156376_1904_s8
7607,3380,E3380_e149485,run1L5,s158281_1904_s9
7607,3380,E3380_e149485,run1L6,s160186_1904_s10
7607,3380,E3380_e149485,run1M1,s162442_5610_s14
7607,3380,E3380_e149485,run1M2,s168053_5610_s15
7607,3380,E3380_e149485,run1M3,s173664_5610_s16
7607,3380,E3380_e149485,run1M4,s179275_5610_s17
7607,3380,E3380_e149485,run1M5,s184886_5610_s18
7607,3380,E3380_e149485,run1M6,s190497_5610_s19
7607,3380,E3380_e149485,run2L1,s196124_1904_s22
7607,3380,E3380_e149485,run2L2,s198029_1904_s23
7607,3380,E3380_e149485,run2L3,s199934_1904_s24
7607,3380,E3380_e149485,run2L4,s201839_1904_s25
7607,3380,E3380_e149485,run2L5,s203744_1904_s26
7607,3380,E3380_e149485,run2L6,s205649_1904_s27
7607,3380,E3380_e149485,run2M1,s207903_5610_s31
7607,3380,E3380_e149485,run2M2,s213514_5610_s32
7607,3380,E3380_e149485,run2M3,s219125_5610_s33
7607,3380,E3380_e149485,run2M4,s224736_5610_s34
7607,3380,E3380_e149485,run2M5,s230347_5610_s35
7607,3380,E3380_e149485,run2M6,s235958_5610_s36
7613,2908,E2908_e3635490,anat-1-1,s3646972_166_fspgr_s9
7613,2908,E2908_e3635490,anat-1-2,s3647139_166_fspgr_s10
7613,2908,E2908_e3635490,anat-2-1,s3692453_166_fspgr_s25
7613,2908,E2908_e3635490,anat-2-2,s3692620_166_fspgr_s26
7613,2908,E2908_e3635490,run1L1,s3635501_1904_1L1_s2
7613,2908,E2908_e3635490,run1L2,s3637406_1904_1L2_s3
7613,2908,E2908_e3635490,run1L3,s3639311_1904_1L3_s4
7613,2908,E2908_e3635490,run1L4,s3641216_1904_1L4_s5
7613,2908,E2908_e3635490,run1L5,s3643121_1904_1L5_s6
7613,2908,E2908_e3635490,run1L6,s3645026_1904_1L6_s7
7613,2908,E2908_e3635490,run1M1,s3647306_5610_1M1_s11
7613,2908,E2908_e3635490,run1M2,s3652917_5610_1M2_s12
7613,2908,E2908_e3635490,run1M3,s3658528_5610_1M3_s13
7613,2908,E2908_e3635490,run1M4,s3664139_5610_1M4_s14
7613,2908,E2908_e3635490,run1M5,s3669750_5610_1M5_s15
7613,2908,E2908_e3635490,run1M6,s3675361_5610_1M6_s16
7613,2908,E2908_e3635490,run2L1,s3680982_1904_2L1_s18
7613,2908,E2908_e3635490,run2L2,s3682887_1904_2L2_s19
7613,2908,E2908_e3635490,run2L3,s3684792_1904_2L3_s20
7613,2908,E2908_e3635490,run2L4,s3686697_1904_2L4_s21
7613,2908,E2908_e3635490,run2L5,s3688602_1904_2L5_s22
7613,2908,E2908_e3635490,run2L6,s3690507_1904_2L6_s23
7613,2908,E2908_e3635490,run2M1,s3692787_5610_2M1_s27
7613,2908,E2908_e3635490,run2M2,s3698398_5610_2M2_s28
7613,2908,E2908_e3635490,run2M3,s3704009_5610_2M3_s29
7613,2908,E2908_e3635490,run2M4,s3709620_5610_2M4_s30
7613,2908,E2908_e3635490,run2M5,s3715231_5610_2M5_s31
7613,2908,E2908_e3635490,run2M6,s3720842_5610_2M6_s32
7619,3222,E3222_e1504638,anat-1-1,s1516102_166_fspgr_s10
7619,3222,E3222_e1504638,anat-1-2,s1516269_166_fspgr_s11
7619,3222,E3222_e1504638,anat-2-1,s1561581_166_fspgr_s29
7619,3222,E3222_e1504638,anat-2-2,s1561748_166_fspgr_s30
7619,3222,E3222_e1504638,run1L1,s1504656_1904_1L1_s3
7619,3222,E3222_e1504638,run1L2,s1506561_1904_1L2_s4
7619,3222,E3222_e1504638,run1L3,s1508466_1904_1L3_s5
7619,3222,E3222_e1504638,run1L4,s1510371_1904_1L4_s6
7619,3222,E3222_e1504638,run1L5,s1512276_1904_1L5_s7
7619,3222,E3222_e1504638,run1L6,s1514181_1904_1L6_s8
7619,3222,E3222_e1504638,run1M1,s1516436_5610_1M1_s12
7619,3222,E3222_e1504638,run1M2,s1522047_5610_1M2_s13
7619,3222,E3222_e1504638,run1M3,s1527674_5610_1M3_s16
7619,3222,E3222_e1504638,run1M4,s1533285_5610_1M4_s17
7619,3222,E3222_e1504638,run1M5,s1538896_5610_1M5_s18
7619,3222,E3222_e1504638,run1M6,s1544507_5610_1M6_s19
7619,3222,E3222_e1504638,run2L1,s1550134_1904_2L1_s22
7619,3222,E3222_e1504638,run2L2,s1552039_1904_2L2_s23
7619,3222,E3222_e1504638,run2L3,s1553944_1904_2L3_s24
7619,3222,E3222_e1504638,run2L4,s1555849_1904_2L4_s25
7619,3222,E3222_e1504638,run2L5,s1557754_1904_2L5_s26
7619,3222,E3222_e1504638,run2L6,s1559659_1904_2L6_s27
7619,3222,E3222_e1504638,run2M1,s1562222_5610_2M1_s32
7619,3222,E3222_e1504638,run2M2,s1567833_5610_2M2_s33
7619,3222,E3222_e1504638,run2M3,s1573444_5610_2M3_s34
7619,3222,E3222_e1504638,run2M4,s1579055_5610_2M4_s35
7619,3222,E3222_e1504638,run2M5,s1584666_5610_2M5_s36
7619,3222,E3222_e1504638,run2M6,s1590277_5610_2M6_s37
7623,3140,E3140_e97411,anat-1-1,s108874_166_fspgr_s10
7623,3140,E3140_e97411,anat-1-2,s109041_166_fspgr_s11
7623,3140,E3140_e97411,anat-2-1,s154335_166_fspgr_s28
7623,3140,E3140_e97411,run1L1,s97429_1904_1L1_s3
7623,3140,E3140_e97411,run1L2,s99334_1904_1L2_s4
7623,3140,E3140_e97411,run1L3,s101239_1904_1L3_s5
7623,3140,E3140_e97411,run1L4,s103144_1904_1L4_s6
7623,3140,E3140_e97411,run1L5,s105049_1904_1L5_s7
7623,3140,E3140_e97411,run1L6,s106954_1904_1L6_s8
7623,3140,E3140_e97411,run1M1,s109208_5610_1M1_s13
7623,3140,E3140_e97411,run1M2,s114819_5610_1M2_s14
7623,3140,E3140_e97411,run1M3,s120430_5610_1M3_s15
7623,3140,E3140_e97411,run1M4,s126041_5610_1M4_s16
7623,3140,E3140_e97411,run1M5,s131652_5610_1M5_s17
7623,3140,E3140_e97411,run1M6,s137263_5610_1M6_s18
7623,3140,E3140_e97411,run2L1,s142890_1904_2L1_s21
7623,3140,E3140_e97411,run2L2,s144795_1904_2L2_s22
7623,3140,E3140_e97411,run2L3,s146700_1904_2L3_s23
7623,3140,E3140_e97411,run2L4,s148605_1904_2L4_s24
7623,3140,E3140_e97411,run2L5,s150510_1904_2L5_s25
7623,3140,E3140_e97411,run2L6,s152415_1904_2L6_s26
7623,3140,E3140_e97411,run2M1,s154502_5610_2M1_s29
7623,3140,E3140_e97411,run2M2,s160113_5610_2M2_s30
7623,3140,E3140_e97411,run2M3,s165724_5610_2M3_s31
7623,3140,E3140_e97411,run2M4,s171335_5610_2M4_s32
7623,3140,E3140_e97411,run2M5,s176946_5610_2M5_s33
7623,3140,E3140_e97411,run2M6,s182557_5610_2M6_s34
7638,3743,E3743_e2259357,anat-1-1,s2270820_f170_s10_SAG3D_FSPGR_11_Flip_1_NEX
7638,3743,E3743_e2259357,anat-1-2,s2270991_f170_s11_SAG3D_FSPGR_11_Flip_1_NEX
7638,3743,E3743_e2259357,anat-2-1,s2316411_f166_s27_SAG3D_FSPGR_11_Flip_1_NEX
7638,3743,E3743_e2259357,anat-2-2,s2316578_f166_s28_SAG3D_FSPGR_11_Flip_1_NEX
7638,3743,E3743_e2259357,run1L1,s2259375_f1904_s3_LEARN_6_RUNS_34_SL_56_6D
7638,3743,E3743_e2259357,run1L2,s2261280_f1904_s4_LEARN_6_RUNS_34_SL_56_6D
7638,3743,E3743_e2259357,run1L3,s2263185_f1904_s5_LEARN_6_RUNS_34_SL_56_6D
7638,3743,E3743_e2259357,run1L4,s2265090_f1904_s6_LEARN_6_RUNS_34_SL_56_6D
7638,3743,E3743_e2259357,run1L5,s2266995_f1904_s7_LEARN_6_RUNS_34_SL_56_6D
7638,3743,E3743_e2259357,run1L6,s2268900_f1904_s8_LEARN_6_RUNS_34_SL_56_6D
7638,3743,E3743_e2259357,run1M1,s2271256_f5610_s12_MEM_6_RUNS_34_SL_165_6
7638,3743,E3743_e2259357,run1M2,s2276867_f5610_s13_MEM_6_RUNS_34_SL_165_6
7638,3743,E3743_e2259357,run1M3,s2282478_f5610_s14_MEM_6_RUNS_34_SL_165_6
7638,3743,E3743_e2259357,run1M4,s2288089_f5610_s15_MEM_6_RUNS_34_SL_165_6
7638,3743,E3743_e2259357,run1M5,s2293700_f5610_s16_MEM_6_RUNS_34_SL_165_6
7638,3743,E3743_e2259357,run1M6,s2299311_f5610_s17_MEM_6_RUNS_34_SL_165_6
7638,3743,E3743_e2259357,run2L1,s2304938_f1904_s20_LEARN_6_RUNS_34_SL_56_6D
7638,3743,E3743_e2259357,run2L2,s2306843_f1904_s21_LEARN_6_RUNS_34_SL_56_6D
7638,3743,E3743_e2259357,run2L3,s2308748_f1904_s22_LEARN_6_RUNS_34_SL_56_6D
7638,3743,E3743_e2259357,run2L4,s2310653_f1904_s23_LEARN_6_RUNS_34_SL_56_6D
7638,3743,E3743_e2259357,run2L5,s2312558_f1904_s24_LEARN_6_RUNS_34_SL_56_6D
7638,3743,E3743_e2259357,run2L6,s2314463_f1904_s25_LEARN_6_RUNS_34_SL_56_6D
7638,3743,E3743_e2259357,run2M1,s2316745_f5610_s29_MEM_6_RUNS_34_SL_165_6
7638,3743,E3743_e2259357,run2M2,s2322356_f5610_s30_MEM_6_RUNS_34_SL_165_6
7638,3743,E3743_e2259357,run2M3,s2327967_f5610_s31_MEM_6_RUNS_34_SL_165_6
7638,3743,E3743_e2259357,run2M4,s2333578_f5610_s32_MEM_6_RUNS_34_SL_165_6
7638,3743,E3743_e2259357,run2M5,s2339189_f5610_s33_MEM_6_RUNS_34_SL_165_6
7638,3743,E3743_e2259357,run2M6,s2344800_f5610_s34_MEM_6_RUNS_34_SL_165_6
7641,3308,e340886,anat-1-1,s352349_166
7641,3308,e340886,anat-2-1,s397643_166
7641,3308,e340886,run1L1,s340904_1904
7641,3308,e340886,run1L2,s342809_1904
7641,3308,e340886,run1L3,s344714_1904
7641,3308,e340886,run1L4,s346619_1904
7641,3308,e340886,run1L5,s348524_1904
7641,3308,e340886,run1L6,s350429_1904
7641,3308,e340886,run1M1,s352516_5610
7641,3308,e340886,run1M2,s358127_5610
7641,3308,e340886,run1M3,s363738_5610
7641,3308,e340886,run1M4,s369349_5610
7641,3308,e340886,run1M5,s374960_5610
7641,3308,e340886,run1M6,s380571_5610
7641,3308,e340886,run2L1,s386198_1904
7641,3308,e340886,run2L2,s388103_1904
7641,3308,e340886,run2L3,s390008_1904
7641,3308,e340886,run2L4,s391913_1904
7641,3308,e340886,run2L5,s393818_1904
7641,3308,e340886,run2L6,s395723_1904
7641,3308,e340886,run2M1,s397810_5610
7641,3308,e340886,run2M2,s403421_5610
7641,3308,e340886,run2M3,s409032_5610
7641,3308,e340886,run2M4,s414643_5610
7641,3308,e340886,run2M5,s420254_5610
7641,3308,e340886,run2M6,s425865_5610
7645,3078,E3078_e1370606,anat-1-1,s1382088_166_fspgr_s9
7645,3078,E3078_e1370606,anat-1-2,s1382255_166_fspgr_s10
7645,3078,E3078_e1370606,anat-2-1,s1427569_166_fspgr_s25
7645,3078,E3078_e1370606,run1L1,s1370617_1904_1L1_s2
7645,3078,E3078_e1370606,run1L2,s1372522_1904_1L2_s3
7645,3078,E3078_e1370606,run1L3,s1374427_1904_1L3_s4
7645,3078,E3078_e1370606,run1L4,s1376332_1904_1L4_s5
7645,3078,E3078_e1370606,run1L5,s1378237_1904_1L5_s6
7645,3078,E3078_e1370606,run1L6,s1380142_1904_1L6_s7
7645,3078,E3078_e1370606,run1M1,s1382422_5610_1M1_s11
7645,3078,E3078_e1370606,run1M2,s1388033_5610_1M2_s12
7645,3078,E3078_e1370606,run1M3,s1393644_5610_1M3_s13
7645,3078,E3078_e1370606,run1M4,s1399255_5610_1M4_s14
7645,3078,E3078_e1370606,run1M5,s1404866_5610_1M5_s15
7645,3078,E3078_e1370606,run1M6,s1410477_5610_1M6_s16
7645,3078,E3078_e1370606,run2L1,s1416098_1904_2L1_s18
7645,3078,E3078_e1370606,run2L2,s1418003_1904_2L2_s19
7645,3078,E3078_e1370606,run2L3,s1419908_1904_2L3_s20
7645,3078,E3078_e1370606,run2L4,s1421813_1904_2L4_s21
7645,3078,E3078_e1370606,run2L5,s1423718_1904_2L5_s22
7645,3078,E3078_e1370606,run2L6,s1425623_1904_s2L6_23
7645,3078,E3078_e1370606,run2M1,s1427746_5610_2M1_s27
7645,3078,E3078_e1370606,run2M2,s1433357_5610_2M2_s28
7645,3078,E3078_e1370606,run2M3,s1438968_5610_2M3_s29
7645,3078,E3078_e1370606,run2M4,s1444579_5610_2M4_s30
7645,3078,E3078_e1370606,run2M5,s1450190_5610_2M5_s31
7645,3078,E3078_e1370606,run2M6,s1455801_5610_2M6_s32
7648,3310,E3310_e161637,anat-1-1,s173101_166_s10
7648,3310,E3310_e161637,anat-1-2,s173268_166_s11
7648,3310,E3310_e161637,anat-2-1,s218563_166_s27
7648,3310,E3310_e161637,anat-2-2,s218730_166_s28
7648,3310,E3310_e161637,run1L1,s161655_1904_s3
7648,3310,E3310_e161637,run1L2,s163560_1904_s4
7648,3310,E3310_e161637,run1L3,s165465_1904_s5
7648,3310,E3310_e161637,run1L4,s167370_1904_s6
7648,3310,E3310_e161637,run1L5,s169275_1904_s7
7648,3310,E3310_e161637,run1L6,s171180_1904_s8
7648,3310,E3310_e161637,run1M1,s173435_5610_s12
7648,3310,E3310_e161637,run1M2,s179046_5610_s13
7648,3310,E3310_e161637,run1M3,s184657_5610_s14
7648,3310,E3310_e161637,run1M4,s190268_5610_s15
7648,3310,E3310_e161637,run1M5,s195879_5610_s16
7648,3310,E3310_e161637,run1M6,s201490_5610_s17
7648,3310,E3310_e161637,run2L1,s207117_1904_s20
7648,3310,E3310_e161637,run2L2,s209022_1904_s21
7648,3310,E3310_e161637,run2L3,s210927_1904_s22
7648,3310,E3310_e161637,run2L4,s212832_1904_s23
7648,3310,E3310_e161637,run2L5,s214737_1904_s24
7648,3310,E3310_e161637,run2L6,s216642_1904_s25
7648,3310,E3310_e161637,run2M1,s218897_5610_s29
7648,3310,E3310_e161637,run2M2,s224508_5610_s30
7648,3310,E3310_e161637,run2M3,s230119_5610_s31
7648,3310,E3310_e161637,run2M4,s235730_5610_s32
7648,3310,E3310_e161637,run2M5,s241341_5610_s33
7648,3310,E3310_e161637,run2M6,s246952_5610_s34
7649,3685,E3685_e1310143,anat-1-1,s1321622_f166_s12_SAG3D_FSPGR_11_Flip_1_NEX
7649,3685,E3685_e1310143,anat-1-2,s1321789_f166_s13_SAG3D_FSPGR_11_Flip_1_NEX
7649,3685,E3685_e1310143,anat-2-1,s1367084_f166_s29_SAG3D_FSPGR_11_Flip_1_NEX
7649,3685,E3685_e1310143,anat-2-2,s1367251_f166_s30_SAG3D_FSPGR_11_Flip_1_NEX
7649,3685,E3685_e1310143,run1L1,s1310177_f1904_s5_LEARN_6_RUNS_34_SL_56_6D
7649,3685,E3685_e1310143,run1L2,s1312082_f1904_s6_LEARN_6_RUNS_34_SL_56_6D
7649,3685,E3685_e1310143,run1L3,s1313987_f1904_s7_LEARN_6_RUNS_34_SL_56_6D
7649,3685,E3685_e1310143,run1L4,s1315892_f1904_s8_LEARN_6_RUNS_34_SL_56_6D
7649,3685,E3685_e1310143,run1L5,s1317797_f1904_s9_LEARN_6_RUNS_34_SL_56_6D
7649,3685,E3685_e1310143,run1L6,s1319702_f1904_s10_LEARN_6_RUNS_34_SL_56_6D
7649,3685,E3685_e1310143,run1M1,s1321956_f5610_s14_MEM_6_RUNS_34_SL_165_6
7649,3685,E3685_e1310143,run1M2,s1327567_f5610_s15_MEM_6_RUNS_34_SL_165_6
7649,3685,E3685_e1310143,run1M3,s1333178_f5610_s16_MEM_6_RUNS_34_SL_165_6
7649,3685,E3685_e1310143,run1M4,s1338789_f5610_s17_MEM_6_RUNS_34_SL_165_6
7649,3685,E3685_e1310143,run1M5,s1344400_f5610_s18_MEM_6_RUNS_34_SL_165_6
7649,3685,E3685_e1310143,run1M6,s1350011_f5610_s19_MEM_6_RUNS_34_SL_165_6
7649,3685,E3685_e1310143,run2L1,s1355638_f1904_s22_LEARN_6_RUNS_34_SL_56_6D
7649,3685,E3685_e1310143,run2L2,s1357543_f1904_s23_LEARN_6_RUNS_34_SL_56_6D
7649,3685,E3685_e1310143,run2L3,s1359448_f1904_s24_LEARN_6_RUNS_34_SL_56_6D
7649,3685,E3685_e1310143,run2L4,s1361353_f1904_s25_LEARN_6_RUNS_34_SL_56_6D
7649,3685,E3685_e1310143,run2L5,s1363258_f1904_s26_LEARN_6_RUNS_34_SL_56_6D
7649,3685,E3685_e1310143,run2L6,s1365163_f1904_s27_LEARN_6_RUNS_34_SL_56_6D
7649,3685,E3685_e1310143,run2M1,s1367418_f5610_s31_MEM_6_RUNS_34_SL_165_6
7649,3685,E3685_e1310143,run2M2,s1373029_f5610_s32_MEM_6_RUNS_34_SL_165_6
7649,3685,E3685_e1310143,run2M3,s1378640_f5610_s33_MEM_6_RUNS_34_SL_165_6
7649,3685,E3685_e1310143,run2M4,s1384251_f5610_s34_MEM_6_RUNS_34_SL_165_6
7649,3685,E3685_e1310143,run2M5,s1389862_f5610_s35_MEM_6_RUNS_34_SL_165_6
7649,3685,E3685_e1310143,run2M6,s1395473_f5610_s36_MEM_6_RUNS_34_SL_165_6
7659,3240,E3240_e1826369,anat-1-1,s1837834_166_fspgr_s10
7659,3240,E3240_e1826369,anat-1-2,s1838001_166_fspgr_s11
7659,3240,E3240_e1826369,anat-2-1,s1887378_166_fspgr_s28
7659,3240,E3240_e1826369,anat-2-2,s1887545_166_fspgr_s29
7659,3240,E3240_e1826369,run1L1,s1826387_1904_1L1_s3
7659,3240,E3240_e1826369,run1L2,s1828292_1904_1L2_s4
7659,3240,E3240_e1826369,run1L3,s1830197_1904_1L3_s5
7659,3240,E3240_e1826369,run1L4,s1832102_1904_1L4_s6
7659,3240,E3240_e1826369,run1L5,s1834007_1904_1L5_s7
7659,3240,E3240_e1826369,run1L6,s1835912_1904_1L6_s8
7659,3240,E3240_e1826369,run1M1,s1838168_5610_1M1_s12
7659,3240,E3240_e1826369,run1M2,s1847860_5610_1M2_s14
7659,3240,E3240_e1826369,run1M3,s1853471_5610_1M3_s15
7659,3240,E3240_e1826369,run1M4,s1859082_5610_1M4_s16
7659,3240,E3240_e1826369,run1M5,s1864693_5610_1M5_s17
7659,3240,E3240_e1826369,run1M6,s1870304_5610_1M6_s18
7659,3240,E3240_e1826369,run2L1,s1875931_1904_2L1_s21
7659,3240,E3240_e1826369,run2L2,s1877836_1904_2L2_s22
7659,3240,E3240_e1826369,run2L3,s1879741_1904_2L3_s23
7659,3240,E3240_e1826369,run2L4,s1881646_1904_2L4_s24
7659,3240,E3240_e1826369,run2L5,s1883551_1904_2L5_s25
7659,3240,E3240_e1826369,run2L6,s1885456_1904_2L6_s26
7659,3240,E3240_e1826369,run2M1,s1887712_5610_2M1_s30
7659,3240,E3240_e1826369,run2M2,s1893323_5610_2M2_s31
7659,3240,E3240_e1826369,run2M3,s1898934_5610_2M3_s32
7659,3240,E3240_e1826369,run2M4,s1904545_5610_2M4_s33
7659,3240,E3240_e1826369,run2M5,s1910156_5610_2M5_s34
7659,3240,E3240_e1826369,run2M6,s1915767_5610_2M6_s35
7714,3189,E3189_e976517,anat-1-1,s987980_166_fspgr_s10
7714,3189,E3189_e976517,anat-1-2,s988147_166_fspgr_s11
7714,3189,E3189_e976517,anat-2-1,s1033442_166_fspgr_s27
7714,3189,E3189_e976517,anat-2-2,s1033609_166_fspgr_s28
7714,3189,E3189_e976517,run1L1,s976535_1904_1L1_s3
7714,3189,E3189_e976517,run1L2,s978440_1904_1L2_s4
7714,3189,E3189_e976517,run1L3,s980345_1904_1L3_s5
7714,3189,E3189_e976517,run1L4,s982250_1904_1L4_s6
7714,3189,E3189_e976517,run1L5,s984155_1904_1L5_s7
7714,3189,E3189_e976517,run1L6,s986060_1904_1L6_s8
7714,3189,E3189_e976517,run1M1,s988314_5610_1M1_s12
7714,3189,E3189_e976517,run1M2,s993925_5610_1M2_s13
7714,3189,E3189_e976517,run1M3,s999536_5610_1M3_s14
7714,3189,E3189_e976517,run1M4,s1005147_5610_1M4_s15
7714,3189,E3189_e976517,run1M5,s1010758_5610_1M5_s16
7714,3189,E3189_e976517,run1M6,s1016369_5610_1M6_s17
7714,3189,E3189_e976517,run2L1,s1021996_1904_2L1_s20
7714,3189,E3189_e976517,run2L2,s1023901_1904_2L2_s21
7714,3189,E3189_e976517,run2L3,s1025806_1904_2L3_s22
7714,3189,E3189_e976517,run2L4,s1027711_1904_2L4_s23
7714,3189,E3189_e976517,run2L5,s1029616_1904_2L5_s24
7714,3189,E3189_e976517,run2L6,s1031521_1904_2L6_s25
7714,3189,E3189_e976517,run2M1,s1033776_5610_2M1_s29
7714,3189,E3189_e976517,run2M2,s1039387_5610_2M2_s30
7714,3189,E3189_e976517,run2M3,s1044998_5610_2M3_s31
7714,3189,E3189_e976517,run2M4,s1050609_5610_2M4_s32
7714,3189,E3189_e976517,run2M5,s1056220_5610_2M5_s33
7714,3189,E3189_e976517,run2M6,s1061831_5610_2M6_s34
7719,3449,E3449_e1329183,anat-1-1,s1340647_166_s10
7719,3449,E3449_e1329183,anat-1-2,s1340814_166_s11
7719,3449,E3449_e1329183,anat-2-1,s1386114_166_s28
7719,3449,E3449_e1329183,anat-2-2,s1386281_166_s29
7719,3449,E3449_e1329183,run1L1,s1329201_1904_s3
7719,3449,E3449_e1329183,run1L2,s1331106_1904_s4
7719,3449,E3449_e1329183,run1L3,s1333011_1904_s5
7719,3449,E3449_e1329183,run1L4,s1334916_1904_s6
7719,3449,E3449_e1329183,run1L5,s1336821_1904_s7
7719,3449,E3449_e1329183,run1L6,s1338726_1904_s8
7719,3449,E3449_e1329183,run1M1,s1340981_5610_s12
7719,3449,E3449_e1329183,run1M2,s1346592_5610_s13
7719,3449,E3449_e1329183,run1M3,s1352203_5610_s14
7719,3449,E3449_e1329183,run1M4,s1357814_5610_s15
7719,3449,E3449_e1329183,run1M5,s1363425_5610_s16
7719,3449,E3449_e1329183,run1M6,s1369036_5610_s17
7719,3449,E3449_e1329183,run2L1,s1374669_1904_s21
7719,3449,E3449_e1329183,run2L2,s1376574_1904_s22
7719,3449,E3449_e1329183,run2L3,s1378479_1904_s23
7719,3449,E3449_e1329183,run2L4,s1380384_1904_s24
7719,3449,E3449_e1329183,run2L5,s1382289_1904_s25
7719,3449,E3449_e1329183,run2L6,s1384194_1904_s26
7719,3449,E3449_e1329183,run2M1,s1386448_5610_s30
7719,3449,E3449_e1329183,run2M2,s1392059_5610_s31
7719,3449,E3449_e1329183,run2M3,s1397670_5610_s32
7719,3449,E3449_e1329183,run2M4,s1403281_5610_s33
7719,3449,E3449_e1329183,run2M5,s1408892_5610_s34
7719,3449,E3449_e1329183,run2M6,s1414503_5610_s35
7726,3274,E3274_e2535432,anat-1-1,s2546896_166_fspgr_s10
7726,3274,E3274_e2535432,anat-1-2,s2547063_166_fspgr_s11
7726,3274,E3274_e2535432,anat-2-1,s2590692_166_fspgr_s27
7726,3274,E3274_e2535432,run1L1,s2535450_1904_1L1_s3
7726,3274,E3274_e2535432,run1L2,s2537355_1904_1L2_s4
7726,3274,E3274_e2535432,run1L3,s2539260_1904_1L3_s5
7726,3274,E3274_e2535432,run1L4,s2541165_1904_1L4_s6
7726,3274,E3274_e2535432,run1L5,s2543070_1904_1L5_s7
7726,3274,E3274_e2535432,run1L6,s2544975_1904_1L6_s8
7726,3274,E3274_e2535432,run1M1,s2547230_5610_1M1_s12
7726,3274,E3274_e2535432,run1M2,s2552841_5610_1M2_s13
7726,3274,E3274_e2535432,run1M3,s2558452_5610_1M3_s14
7726,3274,E3274_e2535432,run1M4,s2564063_5610_1M4_s15
7726,3274,E3274_e2535432,run1M5,s2569674_5610_1M5_s16
7726,3274,E3274_e2535432,run1M6,s2575285_5610_1M6_s17
7726,3274,E3274_e2535432,run2L2,s2581150_1904_2L2_s21
7726,3274,E3274_e2535432,run2L3,s2583055_1904_2L3_s22
7726,3274,E3274_e2535432,run2L4,s2584960_1904_2L4_s23
7726,3274,E3274_e2535432,run2L5,s2586865_1904_2L5_s24
7726,3274,E3274_e2535432,run2L6,s2588770_1904_2L6_s25
7726,3274,E3274_e2535432,run2M1,s2590859_5610_2M1_s28
7726,3274,E3274_e2535432,run2M2,s2596470_5610_2M2_s29
7726,3274,E3274_e2535432,run2M3,s2602081_5610_2M3_s30
7726,3274,E3274_e2535432,run2M4,s2607692_5610_2M4_s31
7726,3274,E3274_e2535432,run2M5,s2613303_5610_2M5_s32
7726,3274,E3274_e2535432,run2M6,s2618914_5610_2M6_s33